780
5982
3310
7849
2978
7318
7067
11099
6352
1571
2049
2101
1548
2621
4323
8717
2342
5337
572
10594
826
11224
6158
1982
8664
11315
6727
2665
6135
377
6144
6152
3183
4735
3178
6233
6207
2197
1072
6141
8665
6193
6155
6164
4677
6143
5250
6205
6133
1655
6128
4736
11335
6139
5690
10657
7919
2079
8683
23
1603
7528
10899
11143
7705
9092
3608
9552
8882
6881
10438
4841
387
10921
6229
6156
4869
3326
375
3550
8724
821
9733
10285
4670
3184
9045
2987
4946
533
3735
3020
3021
6194
6201
10944
6923
1327
10959
6136
6124
2339
6230
6167
3094
1938
6204
8992
3190
6189
8944
3192
8661
7184
4478
81
351
5573
1832
5885
9948
4691
163
1173
1213
9761
3927
10992
9528
1465
808
801
805
9782
10487
10728
7453
6418
10397
7314
5216
5792
7534
6647
3069
11337
4924
8663
2752
3939
10399
6746
5034
292
5245
6282
5476
9804
967
3337
6678
7323
7494
6711
9741
6161
975
7332
754
2896
3146
2739
9295
1937
3313
10971
5518
2934
3098
11014
10577
8655
9516
1933
5589
2806
2280
37
6500
10956
6129
10121
4076
6134
5501
10097
7803
4666
2876
5230
6612
6232
1200
2782
4926
2495
5901
823
6427
813
4779
10550
1808
6176
1495
1509
4144
3915
5757
9689
468
2778
6210
308
3925
4035
5695
8682
1891
4953
8826
2547
50
9802
8404
4170
3303
3304
3305
60
6301
7009
10960
3329
7791
1153
10574
5048
5720
539
6209
5714
3920
7167
6159
2950
10525
6633
5351
7756
5708
6319
5908
6227
4134
10134
1508
2058
9588
5499
10768
9798
2783
3015
9611
6202
2316
1718
8766
5660
6142
11171
6281
10694
10528
5689
10575
2034
3301
5710
7385
1152
389
5223
6772
9349
6745
6434
2288
3068
10724
4074
1911
9403
191
3133
6181
7203
6867
1974
6043
5496
3895
8407
6734
1912
694
10945
3959
6520
1337
6228
10972
7414
10540
6191
7913
811
6132
6125
6083
473
3281
3150
2746
8079
6224
10552
894
527
10989
6749
6386
2521
1211
6160
7317
3983
226
5479
10099
59
5538
8887
4190
5160
309
966
710
10197
3091
10155
9784
10527
10096
5936
10970
16
7335
7336
6748
928
7001
3032
10628
6184
301
10606
3728
1964
7533
11034
6879
9669
4267
3945
3187
10904
6175
120
3033
5214
8125
5886
2771
1843
7052
5870
6222
9491
10949
2804
10398
2017
2040
5954
8761
2969
2970
1537
5701
4313
6599
4809
302
9375
9144
8396
1639
9774
6651
5829
3838
526
10376
5931
6389
6235
1611
378
9276
8239
5211
3956
2879
7057
1434
7284
5688
5425
1363
5226
1351
10857
1984
3693
4245
47
6432
999
3188
9867
1350
1892
5355
3115
6741
5878
10457
1965
10456
4780
7078
4154
9927
4836
8531
3490
9698
396
8553
10726
372
10054
2773
1108
5654
4043
3710
5306
3417
6415
8140
262
5707
8804
1476
5111
6238
7126
3065
1654
5641
5510
5358
10961
6122
1488
6625
5887
10250
4714
10425
2023
5719
3611
7832
830
9789
1653
481
5894
6721
6513
5315
5704
10423
7917
9167
6217
6856
633
6897
11316
7296
5702
4831
231
6726
5686
2224
5869
3182
1601
11047
4967
327
6382
397
3491
7153
5478
5621
307
9775
4698
10541
9315
6451
2026
10494
10581
5683
10627
6601
506
10969
2012
908
2114
5917
6778
9341
2971
6342
8507
6631
7322
9380
2878
9368
2319
10730
11176
10291
1315
1471
10625
4947
310
678
8452
5339
5516
3185
9898
7165
10491
4077
1665
7345
5709
3678
1460
10131
3482
10181
6449
5691
156
4259
10980
6173
5500
3295
4676
2937
6659
8314
10437
5296
8451
217
7431
6414
1364
6168
1809
847
9791
7265
1977
1293
8729
9416
1340
10159
1266
7072
6009
9520
9184
10856
9261
9805
6888
3725
1728
6464
9446
8878
7411
3726
3675
4141
6240
1736
6829
5834
5768
6827
5955
1075
10105
10598
6171
5547
4629
7874
6992
2926
4792
10146
7247
3912
7045
5201
3487
3420
1999
14
9868
6723
10951
6638
8926
7334
347
381
9296
6117
1973
7538
5684
1499
5412
1845
2273
10467
8106
599
9320
10765
71
3916
2992
4172
6844
8480
6652
6624
3398
2803
1635
2107
2720
4830
5420
2195
10483
10212
6421
3654
9352
8243
11188
8667
9989
3875
1347
3636
4942
11331
8519
4659
1265
11137
223
8906
8607
800
8733
10935
8720
4681
1615
3638
10670
52
8870
1967
8087
1209
684
3460
7264
3371
950
3716
9246
3880
11252
10987
10175
3339
3655
400
2181
10051
6218
7076
2697
4082
9097
2997
8165
5682
9231
9512
9878
8539
7163
10280
1958
4860
6429
1786
5706
896
10424
5514
955
5713
5824
8508
4605
5903
7283
6642
740
2037
7805
2589
8872
1994
9703
7175
1182
10299
10289
6446
4722
6426
929
4060
5756
7157
6294
1889
9929
1345
4174
6118
4725
7251
6904
10797
5721
1616
3073
9685
6626
10067
9918
9813
11342
9049
5970
6035
103
2192
11325
1717
165
9887
3930
7407
5007
2030
5431
1155
5571
11273
9559
2022
9467
9779
2631
9690
949
3852
10440
9604
6603
8933
10276
8615
3066
5564
9913
4072
4738
3315
2202
3988
664
822
6455
1281
994
5552
5327
9208
2664
2908
6907
10953
6059
9019
5445
5527
2683
1048
1727
3597
10447
6241
567
3615
1634
369
1163
7319
10327
7384
10217
1857
6192
10160
2935
11231
6574
2790
10412
10549
4299
1604
8502
4175
2108
10489
5119
8672
8099
10769
1362
3074
5045
10576
832
214
10519
10095
892
8443
4660
10193
2180
4720
10180
5236
4678
523
6249
4651
9812
5536
6251
5069
1956
9897
9969
1389
3799
9987
9643
2131
6480
6993
4700
10449
6391
6768
5782
4811
11344
7082
2132
10988
4232
2052
4057
10314
10209
230
1942
439
30
6392
6169
10295
4122
9821
6422
9354
9220
5927
9158
3035
6611
2909
9202
224
3836
9646
6400
8500
3949
3419
6385
3191
10133
5360
329
4706
8533
9592
6397
9414
4599
1514
10975
332
706
9972
3275
9993
5899
6687
3476
2802
4171
5184
1349
6522
7450
6643
5977
392
8895
1175
10226
25
8899
9870
8780
10120
10771
7965
8574
1198
10920
158
4061
3475
5831
4739
10422
7392
10381
8021
10659
2193
1387
5585
9337
5504
6880
7716
5108
2071
5590
642
9961
9766
2648
3835
8985
5525
9688
5725
1477
8522
3985
8897
6732
645
3910
267
7408
10123
2931
8450
4802
8209
9415
6535
2033
1674
3703
1398
10902
10523
10480
7388
6566
4837
143
5347
10221
7102
5692
4047
1019
9112
1874
9129
5872
1785
10421
10443
6812
6944
10452
648
3918
8883
2633
5159
72
2539
7979
10558
9556
2580
3028
5176
1026
4070
2475
10579
11333
4256
11313
10274
1512
11079
4694
10542
8467
9637
5436
6890
6720
4522
1277
5520
1595
613
10277
2975
9453
522
10919
5310
1445
7374
593
1454
7320
5066
11243
7083
8189
3164
1329
3297
2171
3093
1861
4147
3685
5718
2962
629
9794
9632
5906
6695
4601
35
1523
9697
865
6791
9871
12
4820
8754
10007
8242
6949
9665
573
5997
3064
10409
7071
4905
10915
10204
10239
6722
833
1278
7073
3481
3429
7398
2073
7266
9817
10897
2531
1660
3321
2182
7994
5605
5530
6256
1622
5359
4609
5532
10237
1545
3423
6764
10613
1176
4853
1666
10444
1513
2965
2065
10014
11098
9663
8892
9879
5209
5118
11044
9318
8727
11052
3421
4351
3054
10430
10844
9191
9249
5902
8932
10939
5349
8518
1442
1444
2688
10450
6903
6515
3300
10982
34
9768
6629
6744
6616
7127
9474
5528
1739
1400
9275
4292
10664
9806
5652
4089
2582
5635
1432
3659
1719
8772
3156
9255
2764
5580
8673
8874
9217
2947
4638
10445
6782
8658
11161
402
6840
6634
4140
1455
1382
11269
10473
2305
10048
4799
5441
203
7298
5164
6742
2647
2029
3664
6284
8204
102
2990
9874
3340
2059
9282
1503
10463
2776
4204
5352
3661
6311
4067
5054
10513
1801
11073
5440
7844
3383
8498
403
8295
7128
4221
7812
4893
6223
6929
9772
9926
322
7873
9792
8799
5699
3709
7456
86
7922
1948
5604
8566
467
8813
4008
6390
10922
5921
2958
4864
2961
7375
8731
558
8743
6632
7343
9263
9943
11051
9725
649
7726
8446
10140
9133
7372
8349
2331
10282
1947
1159
9692
5687
790
5770
8881
3485
2673
2308
5430
3978
3459
4052
11142
8974
9322
10682
5257
95
5567
8503
6575
9101
9452
2634
7485
9861
2817
8625
11217
9475
836
6786
2200
53
2354
901
9780
3155
6433
8036
7750
5019
4701
7867
5335
1366
9701
10162
3628
11078
11346
10427
8192
6507
5566
1725
3689
4363
1627
10043
4733
10617
2548
6894
10614
6760
6924
196
4026
6921
291
6692
6845
2542
2877
9648
5265
183
10907
10906
2517
4713
8148
11054
4189
10928
5279
5106
2870
5825
6259
3251
9123
10330
7307
3576
9909
5187
2184
6672
10775
4938
991
9618
528
5089
9267
5519
290
9053
4817
8697
10497
2050
9672
6428
1869
4927
1520
4683
7466
9852
976
2956
133
9826
9917
6279
287
2729
5326
5300
5252
1652
8803
274
7525
3099
6662
10269
4729
2109
4668
2356
2995
3554
2274
1429
11329
8038
713
11065
10565
3059
5780
4594
9551
5993
827
2941
8445
10144
4354
6477
10965
6596
9529
9915
10758
5996
5836
10948
730
10994
4017
11075
4209
4055
3632
10434
10190
4059
6776
3612
6147
11319
9910
6590
10535
8260
9925
4597
1535
5799
7390
2271
6157
10401
9788
5796
4719
3145
9189
4814
8914
6793
9652
7158
717
10286
6988
9138
7799
9060
9656
9647
3607
857
8050
9903
9900
7869
4643
4087
8453
9790
7058
7040
3796
10516
6388
8880
10469
9587
4528
9693
9425
4247
1436
10059
6187
9052
9040
2185
7469
1936
10534
2235
9924
9159
7159
4891
3613
9517
3800
5156
5925
10952
8301
6908
10567
9589
8520
1612
604
8546
9674
10615
2550
9830
5819
10244
4130
3434
10298
9869
11215
2744
9025
10300
9197
10428
7077
1388
9827
9513
10139
391
7019
2628
2592
220
6733
6602
2201
9770
6275
1793
11041
4728
10058
4928
10257
1025
4552
5373
11103
9682
9679
9650
5985
8898
983
4646
8869
5601
353
7088
9135
6302
5050
1196
1855
6310
3566
7378
7064
3965
4854
4849
8857
7405
10611
5830
10641
7572
2145
10263
7094
1001
10589
10671
9130
6416
1819
8439
1841
9094
11334
8263
3660
4001
1676
9695
9667
2632
9653
3898
9710
8131
3117
4850
3998
477
3720
8905
9988
1633
6990
2162
10559
2794
3257
6814
382
7050
8225
8440
6635
7707
10019
858
1289
3416
5797
6811
3635
1659
5264
9270
5529
8604
10153
10245
7358
5932
2119
164
5000
4152
2146
4085
9776
4324
5428
11072
9260
4709
8835
7174
6195
6430
348
2800
1606
9882
409
3797
2286
1487
3280
5685
2591
5671
5680
7018
5634
8514
6049
9823
8624
4236
5493
6304
1643
10947
4000
8216
4753
10016
963
4237
890
9757
9537
5424
5947
3488
9743
7112
10588
4311
10556
8834
8614
1000
9219
10106
4952
5711
7013
8861
6337
475
6303
11230
8417
6697
5663
1106
8662
9801
4358
5372
8558
5341
11309
10788
1588
7162
1306
4717
6252
10572
2000
9702
9684
5469
10231
1969
2639
10404
669
5195
19
9968
968
7133
6653
4233
4215
10654
6640
10651
1130
9973
4046
4357
324
10507
5537
6810
8065
6280
9391
5636
819
2670
687
8027
9670
920
4023
10712
1353
11183
9232
5092
9820
26
8836
2212
9638
2189
4331
178
10475
8481
4016
10974
6878
5875
4783
1459
587
2968
9057
5867
10638
9694
7739
379
7029
1783
1441
10272
8634
11193
8603
7709
9839
9658
6729
4726
7915
7014
705
4712
9724
6817
5423
2002
9873
4711
8227
6502
3480
10466
1374
10311
4281
2263
10150
2077
9332
2230
9797
5320
10544
9765
4296
8161
7515
9896
8722
788
10206
5116
7111
9377
5433
3162
6387
6902
4123
8694
10093
7172
7038
9931
4925
2799
6895
11018
5577
3712
7423
596
4350
6376
5311
2332
10426
5266
1871
8449
1687
2487
1734
9654
6239
8324
10127
5142
5261
3708
9933
3993
6905
1803
10908
2067
8659
3707
1647
3909
6499
578
2014
9325
8496
7764
10200
113
6996
3149
3052
360
5937
5914
3727
6925
2972
701
9828
4680
1519
6484
6503
9787
412
644
4548
10165
6199
4126
10205
9553
5442
7164
10512
10247
1657
7703
8476
605
7447
9936
4065
2175
1443
208
11080
6586
4835
2952
1716
2983
10946
10643
1839
1998
5998
7103
8019
9600
9235
6636
10618
2615
4217
10188
8548
6197
7428
8850
10270
547
3489
6606
6607
9846
3426
7443
10954
1352
5064
5095
88
104
7412
58
6594
4320
5293
10063
1756
10379
2199
7056
6447
1613
10406
5332
10454
9843
3732
5073
9922
8671
10479
9411
5909
1774
3248
4283
8509
1525
5097
6919
10062
9435
1536
2939
2938
2730
513
4794
4137
6182
3109
9727
3791
90
4318
9013
4907
2011
9371
11120
384
1479
4353
1185
1264
1365
9858
1876
9923
10529
771
9111
10868
5494
990
8504
1317
1052
8226
10036
6901
4682
1593
2167
5826
7257
842
7988
8987
8323
2530
2149
7403
755
5774
6857
10681
6619
3382
11097
5074
2215
2214
10126
3845
10253
9836
1846
11015
3039
3040
5813
11060
5984
734
5134
11130
4234
1952
5094
8412
9319
7857
1902
1050
9781
4129
10810
6948
9338
5330
9749
6424
5728
4253
4598
3394
4199
5613
5616
9706
9984
9486
6821
6788
4211
5920
10210
10129
745
9731
9583
10609
8459
4900
5090
7169
1203
8884
5025
4216
8859
5147
6790
902
9819
8178
6604
4534
6351
6618
4897
7016
4800
3176
10658
2791
3561
5550
962
132
10912
7305
3980
10568
8318
5983
607
3291
2309
2310
9136
5138
11259
1294
7107
7593
8460
7280
9091
2483
10635
7027
7784
2948
1645
4242
1036
10312
1031
10403
11117
6494
8936
686
4258
3614
1164
6198
1371
241
10432
4151
157
5481
2766
5916
10208
3454
951
1120
571
5316
864
9649
5155
5783
1054
1318
4335
8732
5130
5610
10005
5284
10981
6253
5700
9535
11010
5549
2643
9759
7084
10465
2166
2207
1119
7748
2313
10591
4826
10592
8310
6018
10926
11102
11258
1020
2767
4005
1017
7421
3995
1105
4316
1114
5664
1376
9088
6273
11040
6497
1910
3960
9166
6650
5698
10636
7004
10667
5507
5366
9145
8470
4329
9849
6794
6448
275
6834
5289
4015
10772
5188
9920
9811
8842
4285
977
9895
1583
4882
482
1385
6001
1301
4756
4763
4501
7753
11322
6183
175
8609
10287
5999
8269
10626
21
10484
1307
11186
205
9443
6286
7188
3984
4669
8935
2152
2976
6668
6578
5290
10978
8570
9857
2584
9746
9730
8537
2261
4037
8220
2801
8942
4128
8805
8536
55
8501
2869
10278
3783
9747
6558
2321
8458
9086
4744
7186
9215
2537
341
2581
2946
3048
3047
8061
2247
4289
393
3931
6518
7089
6666
9825
9818
2348
4360
10964
9308
8425
410
3832
240
9762
5082
335
8321
7637
667
2619
1478
5810
6567
1909
9118
6622
7075
5803
2919
2596
2669
9640
7701
4312
5091
5877
7862
7122
2027
5287
10040
3784
10984
960
5144
9824
637
115
4856
2125
8479
2039
5534
8317
9855
3096
9844
1802
3283
6314
5480
1797
7699
5170
9678
11138
4644
4673
9760
672
3627
7448
5978
2564
9284
9620
1917
10610
2889
11234
5190
9764
10966
6770
9641
2944
197
3631
5509
8438
2289
344
346
3662
6402
10336
8493
9619
1346
5303
4327
9677
2264
4321
933
354
3897
8927
9016
9056
9891
10752
1742
6781
10573
9683
9156
5218
10668
6366
3158
435
11007
5526
5569
5336
5055
3422
7347
2553
1462
4929
7033
540
3690
9527
4620
8986
9252
6787
1308
1081
54
100
8405
4751
1901
10495
905
1806
9454
4881
10024
10307
4899
7020
6461
2671
1043
9738
10873
250
3169
11237
3127
3123
3126
4583
4033
6715
1003
3775
9771
4053
3384
4884
491
3667
8910
3087
9482
8398
4034
11135
174
993
1113
3669
9399
9603
8100
229
5596
9493
9851
11197
2153
8030
3177
2051
10351
9829
1299
4690
1012
11169
6804
9783
7049
373
5653
3866
5141
1464
4625
4624
889
1060
10256
636
3376
4495
9463
3437
5743
4675
1824
10038
3131
5607
9854
1102
9572
9712
2775
7984
4521
2237
6891
7270
3590
2123
8208
7060
4118
3217
355
4291
3455
11326
5498
752
4092
7181
9742
9737
1844
2009
4602
9889
6236
6737
8971
3134
10329
10845
1158
9254
9183
5602
8618
9704
9700
3294
2245
10384
11118
7272
2021
9833
899
5883
2350
5673
1024
657
9140
10875
5422
2731
8411
5576
2028
1356
10732
1641
5778
4999
10536
5268
10331
8379
1890
317
4671
4832
3572
761
9767
2644
3396
5126
7978
7091
5189
8938
2762
9726
9344
10630
4255
7357
9938
3364
10232
10733
9148
3932
1915
9372
8639
4585
5734
8819
8945
2701
9521
6196
602
1656
10612
3587
6664
10267
4300
11272
1373
2622
7097
1497
3624
8045
8273
10791
662
6943
4982
3249
5771
5871
10782
5350
222
5793
5798
7156
10468
3385
399
9892
9149
8406
4507
5001
1263
4332
5790
1058
8082
2638
576
357
5962
4097
1475
4939
2705
5864
2013
9949
1662
11129
6450
9575
5002
9815
2239
3698
2244
3691
4771
5217
2781
4600
8851
2819
8653
9732
9397
10518
7031
4013
3029
135
9982
7039
7433
10124
1112
5888
3104
6777
1326
7216
2173
1949
3673
1667
1668
9134
9150
11157
11020
10320
5004
5005
10020
1080
2568
11216
1062
440
8781
5723
973
3815
549
5557
4703
3682
3425
10861
8505
5393
5926
8487
6699
5167
3553
7518
1573
6584
5345
10903
5281
8777
5915
1396
316
4998
10046
7553
5965
5193
535
9883
1836
1230
9945
4261
7113
10485
9751
4124
4515
1945
338
2258
4741
6348
6349
9904
3908
2246
2357
6443
8577
4207
5333
7444
5742
10360
5891
6320
70
3336
10083
10090
8790
283
215
1463
4636
9546
4689
1183
9865
6529
958
10446
6712
41
3872
6038
1439
8800
1161
1951
726
995
4921
5929
6773
5775
1212
965
3795
7135
5930
101
7746
2786
11005
7802
4090
2176
5357
6102
9020
1174
538
768
7123
2737
5110
4828
5971
3730
3569
10840
91
9392
9610
9744
9262
6045
350
1678
10621
2585
8843
3081
1962
9681
6835
2099
5157
3556
5939
1690
7957
5051
9122
9585
6649
2219
374
9997
10563
5194
4855
9980
1959
8864
7727
5087
6932
9880
273
3625
4306
97
5225
3757
8915
10849
10290
3976
5450
119
3937
5554
5555
10531
9567
2571
2743
5277
7804
2218
9816
2533
7022
8556
650
3560
3181
10458
1160
5933
974
10385
11066
4968
3484
3764
2267
8564
1644
6688
6928
6645
6565
3798
8000
10297
1968
4520
9796
10268
92
9071
8723
4330
9986
6271
6728
5816
1638
6491
9841
6819
10675
580
6483
11013
1780
2769
1381
2677
5274
5037
2593
36
8975
185
2891
9472
5203
8424
8309
3216
10603
9715
1629
5324
1496
6588
4188
8821
43
874
5174
10234
1675
5348
4193
1082
7125
286
6358
1111
4361
4088
9201
7454
8540
5645
7850
3290
9037
8434
8028
2355
493
6789
38
744
9912
4287
1605
2242
1880
5191
6581
9358
162
9755
3092
6940
794
653
5016
590
3014
10520
2953
4886
9848
6617
487
5617
1386
7786
5255
4303
9488
3212
3208
4486
916
4157
4862
11021
3241
5154
6338
9957
843
3663
11012
1602
525
11341
6364
259
5502
5328
7360
134
9636
6261
10420
3001
1428
2707
10570
10578
9729
7728
2690
727
10846
1586
5784
695
2650
7429
6324
1360
9131
6947
8492
2626
8418
6801
9941
3233
1404
11104
862
2110
1004
5099
7410
7464
10677
10325
1380
7297
6876
10950
5121
9577
9899
8048
1776
4488
671
7189
5125
10557
3814
9506
2395
11057
8534
366
5305
285
10882
3053
5837
4920
3269
4846
2687
2120
7425
11116
4634
10125
10439
6521
5152
1830
10293
7185
3215
5676
1730
3235
4040
284
8736
8742
4485
1357
3742
5639
5638
4222
2159
8846
6610
218
1359
793
978
5558
1392
9786
8395
211
8997
6457
577
313
221
11064
5521
6637
9185
5080
5893
7472
2243
11069
1511
722
4194
6621
9734
8638
10867
2326
7486
4685
9514
3112
7507
486
4547
1594
10301
8120
176
4319
597
7177
942
7023
8896
9143
952
7140
7306
10993
2674
10590
5608
8630
10526
10745
7226
1040
4036
509
5789
1311
683
5098
8641
9708
3695
5053
5443
2675
1271
5317
7356
7011
10178
9180
10499
641
3899
5224
3785
2170
1837
7137
6769
8448
6868
869
1543
670
6456
2949
1401
2147
3699
2157
957
925
6820
11062
8886
1452
1577
8557
2069
11001
2936
9465
2161
2330
1852
5650
10266
638
9605
2252
421
3684
9877
912
8631
7773
8839
8711
4857
9369
3575
6519
7220
4919
6094
7286
444
8976
11232
4143
2913
5068
3696
6495
1620
8685
345
3157
6002
3316
5122
9172
885
4314
3292
1047
914
2993
9256
3717
1384
8876
8912
5787
2620
7381
2562
10201
8941
7289
10168
6563
6571
4804
9450
2346
6689
9687
6283
6545
1820
8547
5781
5644
624
5342
5343
9659
9487
3706
11277
3977
5463
5979
5587
7625
7704
3676
5968
4437
9832
10537
136
2168
415
9221
6583
4776
1524
8900
3848
5368
3782
4277
2302
4958
5427
1056
5745
5406
5346
2902
6278
9422
6508
3046
6533
8875
5649
5865
9466
1510
10224
10223
2960
9586
4487
5334
2294
3101
10669
1551
4621
1300
6296
6999
8218
3570
7434
11122
759
4619
3777
9860
6258
5365
4322
5166
11168
5062
9093
10538
6884
8364
8294
8359
8360
8361
8362
8363
8365
8366
8367
8368
8370
3790
13
4504
1504
10991
3231
2041
9365
4246
3622
6440
1800
1393
1188
9625
911
8832
4340
7474
5396
3600
6909
2005
9657
204
10863
1576
4224
4852
10149
9662
7053
10216
7051
3680
3026
834
7044
10637
9856
2290
9306
4693
10874
3242
7130
6274
10461
443
8078
1825
5271
5966
883
7182
9363
5600
9914
673
8715
8745
2784
6403
6050
1996
7884
3827
6627
6693
6539
7644
1807
5889
7490
33
2042
7349
8292
3159
1457
10233
3792
1122
9651
9187
10866
575
5801
1491
3077
9884
4745
4148
7146
7148
7584
5003
10773
5583
1368
1842
9837
5881
3670
2334
6300
8786
6431
2523
8357
8350
8351
8352
8353
8354
8355
8356
8358
8968
6036
5868
2043
1960
7168
6775
635
945
270
6665
3996
11202
643
2004
152
411
433
1208
4163
9705
7855
9699
5298
9355
7694
1811
9223
6005
10389
3563
939
6017
1244
2709
5806
7555
2662
10930
6861
4081
9635
395
154
140
3598
7673
654
383
5322
11076
6504
7693
8916
1399
1414
4356
5739
9831
8633
2840
956
1041
3221
2689
10900
8382
1087
311
4223
5957
2888
10198
4064
1178
762
1071
6401
1358
7480
7941
4978
1896
4113
7409
8794
1469
3273
8483
5076
3975
3780
9331
4326
3981
2828
3084
10138
6690
7695
3841
9032
7079
1378
5210
5581
9175
552
1740
1950
640
1369
5624
7047
8187
126
2329
2822
4145
8521
5582
7098
10650
9696
9645
8581
5029
5724
1016
116
4760
6886
4867
6997
6998
3700
5229
3201
6000
4922
6822
3284
3606
11184
11330
5744
7006
11163
4608
731
6263
2297
1787
11061
6691
5319
2984
3111
9244
9735
11194
4093
5989
8224
4983
866
2922
1013
2134
10203
3428
4440
8513
2588
6372
1236
1995
9607
9971
3559
5444
5618
5165
9211
325
5192
1339
2774
5619
9021
11251
4294
4094
9928
6375
5972
10814
5294
2352
4618
7545
1850
8988
2295
4250
2140
5199
6326
627
9908
10368
288
6906
1045
5139
5196
5918
7136
4606
1608
6505
2657
10715
930
773
3963
8620
9745
2254
9098
4184
6357
7074
8431
27
2241
9623
8853
7092
7755
1259
6097
10261
8710
2641
10218
1592
7222
2315
7702
2150
1044
3037
2583
758
8698
1833
8825
6406
6096
5153
3276
1990
5648
1621
5524
6010
2558
1733
7482
4496
4916
10202
660
8771
10154
7090
5128
4858
9834
4308
4056
9079
5753
7512
921
3902
948
9229
8775
2272
3674
2328
4948
1104
2115
3642
5371
1591
7363
8464
9753
970
5304
10736
7310
9447
4051
8529
268
1014
8787
946
2957
8972
9265
6862
2569
18
7225
5172
8193
6598
1138
2903
6514
331
3818
6595
940
10388
5475
3641
9631
6863
6419
6493
8190
4987
11039
6541
7141
11009
9448
7639
3786
11156
6792
634
7432
1482
7745
646
9289
7681
1269
10693
1618
2672
1813
5896
8943
6837
1474
4901
3630
9121
3232
6517
5017
8909
3990
867
9947
2160
786
9015
8200
5973
8809
10750
7458
7200
5145
8287
5961
6756
6523
9719
7299
5732
9582
1134
6496
1141
5922
9934
3357
3346
2574
2576
2577
2578
2579
608
1828
3034
190
2735
3050
7030
1361
9205
10622
2812
5413
4654
3543
2745
6671
6476
598
3003
9522
6295
359
11245
2322
6498
1088
3881
2554
320
922
2813
10462
7718
11016
5163
5777
10898
10524
40
3766
3574
5407
7594
4935
3240
7504
4861
8284
7010
1140
1184
7287
4908
9750
3344
2875
247
7369
4626
4004
4249
9170
8535
735
9718
943
2892
7288
8690
1137
7481
3222
6847
2277
432
3227
631
9721
9043
910
7975
9468
1677
8608
1555
1556
8654
1907
2208
10225
3741
8468
3759
8515
6123
9087
7380
5746
4062
8029
56
1415
1416
438
2572
3338
2249
343
3822
3821
3347
676
5451
4707
5143
5409
2066
2151
8840
10
9940
10647
4524
4879
5079
5173
917
10371
9162
10151
114
155
1489
4803
11189
3268
5021
5375
7294
414
6405
98
3045
6779
6531
8092
9095
173
5149
3750
1413
8789
9810
10013
3204
2566
10633
6037
2045
6885
8692
10990
2281
3223
5047
8545
9534
8739
1002
2646
9754
1101
5465
1991
6568
765
9748
6492
4084
1610
9542
9127
11026
6511
2815
8796
1238
398
3594
89
269
6299
337
5506
2788
8712
4146
7087
8744
5010
3080
7706
2304
570
4821
6898
10672
8904
2733
9084
5578
3589
7903
2977
7678
4782
10249
7700
9023
9563
10326
5100
6708
6716
1630
5457
9723
5367
7046
3362
3938
10021
10317
10825
6335
2538
364
632
189
2846
9477
9027
11278
904
4798
3885
6900
8499
10663
4049
10808
5741
732
2323
6329
1411
1235
6014
3293
8817
6370
9169
7143
1234
1472
8578
782
9394
5544
3595
5533
1831
5325
2979
2980
9970
3579
8929
2560
5754
4325
2555
8854
5874
8852
11077
11055
3948
3858
1144
492
3083
10408
4254
1466
579
167
2694
2736
7781
2906
8792
9120
1029
6767
10747
1870
6536
7068
1187
6538
6334
781
10050
6546
3617
9283
9498
9194
5071
5083
2020
2081
3375
314
9119
3270
3067
7539
4091
5995
48
8807
8999
6570
445
10001
5697
5297
1435
5454
1438
2543
8402
4892
5027
3952
4974
3577
6555
6291
10246
1121
6843
6718
3751
10859
4058
6121
3768
2015
2549
7124
8510
8511
5592
5597
6799
8785
7768
3189
7766
11238
2678
5204
3356
407
4796
5253
495
248
3760
1021
4435
2660
3882
1746
1010
6572
117
4915
11146
1735
6910
8969
8329
8330
8332
8336
2787
339
3592
9808
774
207
10472
3161
2792
9398
9555
1009
2262
9370
941
5737
2444
3195
10553
840
2559
2842
6540
6554
2186
3718
1018
3671
1775
181
3386
10318
7547
3987
7015
5009
6580
8856
1089
239
1068
2556
9099
6550
944
2158
420
9002
8399
9991
15
8341
10739
5568
10748
9666
4286
5991
2915
3738
5788
5127
3973
10141
2897
7367
7544
7543
3739
9153
4990
4225
8552
6564
3953
4153
2056
10281
1261
319
10152
1669
10871
10407
7634
1145
1038
4656
5362
5598
186
6340
10786
2911
2155
1946
6445
5137
7596
6939
3358
6579
4842
8447
5260
3812
3811
10666
3036
845
8621
6780
6453
4155
1823
4100
685
2070
246
4317
5858
1063
7037
4829
7048
521
6660
7752
4050
5657
1258
10566
2054
2074
7352
8674
9047
2561
3166
6360
6512
1673
10645
4923
7782
6247
1527
9736
3787
479
3352
680
3381
954
3236
3601
11181
10085
242
8626
9028
8993
9420
2710
9536
2811
6525
8394
7366
3062
7696
696
10195
3239
8419
4889
5629
7691
8471
3354
5884
1581
1579
9389
3950
3196
1057
6331
5046
4775
7730
8528
5880
10584
763
8748
4617
10801
7292
49
984
6582
4477
8560
3586
10580
10073
7355
10879
1440
7101
9390
10803
10333
11281
2899
5028
3174
2994
3004
2742
5646
831
6425
8544
4295
2169
4212
11119
1124
6757
7629
9364
2206
1565
1564
838
2257
2981
6953
766
5593
10539
518
3904
623
7743
2779
9533
1143
8526
6532
6738
489
10665
7982
10755
9173
3765
1670
1030
1420
1421
6346
4112
4791
3604
5207
3565
6850
5394
358
5033
130
8650
496
11170
2917
4179
4352
10943
517
4986
6915
8525
6262
5308
9203
9154
9311
1609
8473
3140
9058
8973
6098
6473
9473
10632
4616
5020
3360
4114
4115
5301
225
4018
6166
6469
1418
147
2491
8289
610
8867
8749
7516
9313
3748
9407
9497
430
1544
8340
7479
815
8454
750
10010
617
3061
8573
10400
10061
6103
9139
6542
7024
9181
1390
10230
4593
5133
3756
5276
9671
5651
8326
4917
3060
7132
8928
9557
9085
9426
1821
8688
5731
1240
2306
1810
51
3842
4336
9644
6899
2515
8747
10214
5606
10130
3889
3891
7439
5992
4868
2204
9048
9480
11063
5077
2833
3834
8456
6911
1417
841
3626
257
953
785
5456
3547
10690
10288
8202
9863
7399
6396
5563
574
10616
871
1419
8687
5318
1549
9859
4014
3823
6683
5458
2103
4595
1007
1741
5678
7142
10787
2649
10721
5523
5542
11228
9612
6276
10114
8814
1961
10084
6524
783
11262
5969
1539
7552
10075
3516
3884
10174
1804
5861
4985
2035
3824
9495
9921
10321
1448
2220
5715
5627
537
2165
3859
2232
1671
5197
3906
3467
3363
5244
124
5747
2260
199
4150
2692
3399
5511
3141
11030
11126
1528
3596
10393
5449
4582
551
3558
2921
3643
6374
6620
2996
11027
5313
1142
9437
6367
7379
141
6332
656
5078
1135
8913
10142
11024
10877
2318
4931
4185
7036
3000
795
799
1757
11219
959
6736
10004
1395
2695
6361
3593
3568
4012
3562
8740
3849
1617
10648
9333
1572
2128
7258
417
10296
1473
2814
8001
2925
3933
5208
3445
7783
5988
3860
10738
1268
9584
4951
1453
1447
3567
2624
10850
5579
10941
1770
11131
3441
2734
11311
4208
2741
1805
8013
926
10370
2104
3010
10735
4355
1534
2796
10109
4988
272
11261
10332
753
776
2765
11332
10725
9423
2299
3431
4086
4168
3055
7712
775
5981
8555
7293
8214
8091
8369
7093
2880
118
5990
463
8858
2916
611
8174
8808
6549
4607
6011
5467
4664
6869
835
10605
1084
2986
863
4248
1237
5081
10753
2959
7404
5980
3903
8527
7267
6354
6935
3694
326
818
6731
10500
5662
2696
5675
554
10938
5042
4121
5800
3808
9312
10505
1562
9655
861
6916
5740
7916
5670
2520
10876
1558
4622
1663
10521
9188
2196
8714
3581
10279
1118
5733
11074
3456
8233
1758
6569
7204
3804
3448
6870
7109
3991
3857
4647
5672
3578
10254
7273
4772
3806
7541
3552
3810
859
9752
10235
8735
725
4142
238
7881
153
1815
1748
2570
266
6585
3211
651
9366
711
334
1755
3749
9469
1943
5669
10634
3444
553
3446
4210
8669
6051
10896
8433
5309
5460
5462
10255
8647
9538
1983
7054
7813
8911
5794
1232
5241
5940
2821
10892
11167
9248
7536
10692
7187
9942
5935
9478
6482
312
11214
1553
4205
9083
9081
2532
9524
2494
5024
9082
3447
3439
5453
10895
868
8989
1446
5594
6559
7368
3761
661
2868
675
1827
6015
5031
829
1233
778
2250
4887
10660
8879
11144
5105
11043
10002
10893
6506
2740
10111
11082
9875
5136
3762
9519
1908
3605
4149
8763
9402
1500
5764
8170
265
5470
3213
3621
6710
2251
6830
4481
3805
1993
3172
7275
777
2122
363
3665
1180
2268
472
6474
9031
5631
3449
2253
3957
720
721
4650
7511
5818
2563
6339
10052
3090
10060
2557
2893
2912
9545
11166
9374
3250
9074
3746
581
3736
368
6751
3883
3024
8837
1816
4010
2703
8343
8339
8344
8346
8347
5239
5994
3207
6534
4762
276
277
278
279
280
5611
8328
5307
2524
5468
4301
3753
8342
4544
689
2797
10798
5727
2838
6758
690
6656
10156
1305
10018
9294
6703
6701
7757
151
6874
8345
3018
3443
3442
2900
3008
5459
1470
2853
3203
3651
3744
5455
3737
4161
4158
8335
7471
8290
7932
8403
6336
8331
6623
6759
8388
8387
2700
5140
913
1394
1270
2863
923
3200
4914
6289
6288
6641
6709
2923
2317
8073
1642
5093
7430
1981
10493
4904
3030
87
5879
7520
142
6208
2222
7415
5515
10983
9601
1192
1431
3151
1650
5036
682
529
5052
10916
824
1314
6046
3312
6185
9124
6188
2617
5591
6170
3646
7086
4898
595
11100
4723
5018
8237
8894
998
3106
5862
10094
9550
6613
10284
7529
716
10211
8668
471
7329
7341
10236
6146
1979
4048
7514
5717
6950
9218
11222
1191
6597
4176
900
5693
1107
3148
10049
3107
2805
3308
304
1312
4218
6628
7818
5694
6892
483
7419
128
7070
8428
546
7295
1822
7905
3936
3005
8666
1848
3122
7150
6234
7386
708
5162
1267
6510
6717
10482
4758
5447
6137
3609
5531
3964
3397
5546
7095
8678
5976
3958
501
1854
1316
3992
4704
7389
516
3837
10383
1397
7316
5175
8241
6938
6774
9360
5432
7351
3856
2098
9500
3855
9361
10492
10006
1859
10957
4192
4191
5696
7327
9061
10262
11345
5900
7468
988
8721
8490
11151
4162
2629
2630
1738
182
7866
1490
7353
8648
7105
5863
6048
1027
10362
10103
9039
3043
7846
7026
123
5860
4615
3853
3854
7205
8773
9100
3537
8575
7326
1207
6307
8611
6257
10548
1292
10294
9266
8644
9128
4125
2824
3704
10551
11196
9785
5876
11067
8660
488
2353
1729
5292
1069
112
9277
7852
2137
8543
9554
9526
10979
688
873
2130
10227
11152
6713
7936
2719
9885
4695
7991
10436
1186
9962
6809
4790
5178
10749
9126
2810
2063
7106
3914
1201
7980
9902
490
1410
10602
4781
3400
8795
5495
760
5437
4724
663
563
837
3119
11321
10767
109
5612
6004
8408
5822
6478
6675
3551
7171
2874
3861
8764
8613
6882
9412
1893
6813
2053
306
6452
7851
3507
7508
9324
10057
8175
10623
1649
11212
4071
10914
7248
8818
5168
9470
8623
1116
4200
3006
6560
9532
10522
11004
2887
8704
3430
8563
6609
4436
7542
8890
9044
10488
5471
10418
5256
5104
5910
10490
6548
7005
1847
333
6883
9212
8569
4041
2823
9958
2010
10248
11190
5919
8741
1039
5705
7025
6119
1798
11236
5435
5873
10322
9070
4686
6873
9894
8612
784
2954
9373
2135
7580
9459
3479
947
8767
8542
4692
9026
8788
7059
7737
9541
8726
3588
2770
5833
8930
11145
4345
9562
2048
655
10238
2963
10687
2625
7263
9595
6818
39
6509
125
5058
1066
1501
972
22
8576
5283
2861
699
5338
219
7041
5228
3840
3298
7276
3801
1070
3679
11068
1147
8824
1407
7035
5584
3833
10560
6285
2139
5805
2203
1646
4824
10026
1033
6317
5272
770
2760
4913
9976
3071
9429
9580
8228
4633
10229
7043
1636
9975
10597
6399
5967
4613
8076
1632
8728
2920
6573
9321
10656
1628
3714
8605
10391
839
11240
5655
2890
9901
969
4863
5562
3868
7262
9937
5395
4784
6439
6983
6967
10607
7436
406
7371
3603
9351
1777
8738
9179
6663
10481
1015
6490
10435
3817
150
321
11187
6696
6404
6016
4632
10098
2526
9353
545
7134
3206
3205
719
7042
8034
3017
9907
9378
11257
659
8315
6362
9242
8517
4778
11314
7104
6871
10039
8737
4102
4105
2932
7424
3779
4688
5609
11140
2191
816
4878
3082
2057
5892
4684
4795
5340
6470
9379
429
10795
9568
5243
8115
8651
2627
4973
2618
2820
9570
6576
3263
4133
810
10309
10477
328
3620
919
9576
4843
5588
5238
1522
4066
3418
8774
462
10411
6877
7253
5603
5148
7348
361
1375
6363
6489
1515
10136
177
24
8482
8416
4635
4116
3486
1580
20
3170
2534
5959
1179
4068
6674
3772
8707
5620
1139
8815
1241
7108
1944
6356
8601
5376
8530
3623
11199
5321
419
10476
3911
8444
11006
4653
8725
2072
5049
6373
3002
1773
7100
7008
729
9717
5795
6936
7096
3769
1325
5411
3687
2551
8676
10396
3705
5354
1409
8705
3320
3692
2535
1136
11025
9228
1437
2914
10265
1032
8703
820
6833
6854
7476
8567
932
5890
6003
3776
7180
3754
2859
9628
4761
4107
7763
11154
2841
4359
10219
4109
5828
7498
10586
5158
9400
2324
7531
5949
11056
2999
733
909
6444
2516
9182
4661
7173
9356
5414
814
6530
3458
931
6327
10599
4063
5928
8636
887
6344
6323
4580
8970
6359
8549
1672
2528
2905
5023
3758
9362
4439
2904
6318
4957
11200
8538
6556
6095
9146
6007
251
6328
4108
4888
2172
2623
2747
5026
3763
4111
5599
1791
2335
4110
10661
131
2529
8829
7422
3135
6927
9590
1006
658
7278
4438
6677
330
8702
5987
1485
6368
5923
1109
2637
2642
11283
846
10107
9310
2780
4240
9540
8871
7274
5251
3373
7841
7940
6442
2852
881
8600
594
8793
5539
7080
8435
10555
4025
4902
8302
10653
796
3175
2038
9104
6945
2047
2886
10395
2358
8031
10608
2100
3351
10587
10631
9152
10241
5802
405
94
8828
5329
8718
10157
11280
8838
356
303
2121
3697
2213
3802
11235
2064
10402
825
1288
5540
146
8908
5586
5213
3299
427
9103
3745
10778
1310
2651
11343
7461
3755
8532
10962
961
4750
4752
5146
6795
367
1796
6528
3452
3514
1737
7066
2645
886
11250
9051
2492
1272
10474
9001
5626
2527
8811
8756
305
8646
8111
8820
7337
1022
213
3752
10076
3440
3702
5275
8706
3813
3803
3451
6309
3502
3500
3501
7301
9034
7201
9609
5269
1826
148
5132
652
2798
3306
212
8572
5913
856
2118
10128
228
2091
1814
2078
2509
3495
3493
3494
3503
3492
3929
5452
7417
5730
6655
4337
1781
622
2327
8372
2205
2124
5553
6013
10478
515
7321
5408
7462
10955
161
8085
8455
4640
4627
1778
3309
1975
7178
3688
3843
7879
677
10092
1284
11165
1282
7155
6605
3113
10147
10963
7837
4288
2314
7416
9114
5595
8565
10079
715
4297
4637
293
2907
1291
388
5905
10985
4173
6383
11260
10137
11328
4502
31
5270
9777
10410
4976
9581
2194
216
4131
5295
7277
9444
1992
8888
10847
9110
10213
9905
5934
2036
4642
8893
271
4430
10116
4628
6305
9686
1997
1059
11017
9807
9778
9728
8801
1051
10498
7324
5151
3934
7465
997
202
9326
10486
5575
10252
2597
9716
3512
10042
10240
10000
1123
8677
11336
11059
3097
6237
9886
10102
3557
10184
5817
10382
2006
3118
9673
7551
5291
987
5096
1408
6047
9842
4239
390
9711
4833
585
6934
10562
6654
5439
2512
6272
10228
11113
4665
10973
875
8939
1955
9793
10714
8495
8312
4038
10923
4493
8760
7373
8550
3831
10199
8427
6832
29
9675
10802
7779
6942
9847
6526
8798
5438
5986
323
3265
11011
4591
4734
9479
7402
7110
9862
6093
1117
9853
5286
9278
11046
9911
9125
1287
4238
2653
10865
6591
5681
989
10929
1794
6670
2882
1028
6091
460
6855
7138
9739
10302
10629
11083
108
7741
8622
1762
10464
3851
107
2296
9881
5222
6297
10346
1540
5198
10196
6714
10413
8541
11155
6206
11223
11209
5331
11037
1193
10799
9814
3653
10940
7738
9258
8153
2068
3683
4885
1795
1280
9890
1181
8776
9401
898
915
7923
6039
187
11339
362
1298
11127
10924
4494
1723
3633
1763
7626
8940
5378
10762
6165
5446
9204
1749
3887
6398
6657
4542
498
9866
8844
7062
5179
9456
5786
6698
3075
3921
6044
11213
10215
3202
2898
5630
1849
9939
1302
5267
5434
5380
5383
6150
9413
4603
4818
7568
6750
5912
3267
4293
3105
7571
1953
7291
4069
7535
6355
11019
924
9046
4610
10561
4793
4213
4604
2525
6472
5911
10740
747
4588
7633
5473
9236
11338
8277
6441
5625
7503
7840
8632
10905
1838
4103
8516
8337
4586
6203
245
6865
7170
10595
1506
586
3640
5075
10737
1559
4839
9107
2717
8833
478
8991
5898
3142
9
9063
2113
1521
7021
9509
3199
4045
2702
8477
3012
3820
3972
3013
5387
5565
7032
4298
6694
2676
2117
7597
4956
2488
416
6753
10207
10369
4808
434
28
11318
2843
2210
3846
5161
6019
2303
1053
2691
5379
7252
1215
3009
3007
5273
8348
5032
10776
6755
6754
10744
2835
2359
6846
2248
566
8689
6248
32
6293
1295
5205
1131
6752
9073
3713
7003
7166
1286
4101
3237
2825
10100
5063
2138
401
1584
2827
3110
5551
2998
1589
1590
11045
8288
4807
1585
10009
6658
9080
797
5008
3198
1285
4104
1812
2830
4641
3672
8602
3658
7586
10869
1195
10781
9014
8629
891
6667
7690
534
1954
4214
10260
5129
7754
8123
9271
7587
7554
7592
9508
8637
3778
2901
8497
9024
8420
6080
7582
11042
9758
8334
2885
6648
8512
8848
1759
5897
5288
11340
9639
9722
9906
3892
5382
3125
11049
1744
1743
10793
7789
2016
6543
3955
7221
1768
9442
3546
3078
7139
3549
2712
2966
11221
10816
9077
2116
9515
10554
3120
2679
7249
8847
10044
2044
5364
6462
9919
2312
3483
8587
3645
249
9108
6006
11179
5729
9410
971
10564
6527
2713
3508
7993
5426
6407
9720
1557
3044
1370
6875
5820
6917
9404
2918
3913
11070
10794
1587
10800
7517
1607
8841
1550
7556
4589
6315
3219
7114
3809
2300
6120
8325
6347
3359
4099
1720
4648
7710
10821
3816
6872
1538
8924
10220
5545
2567
10367
3886
2209
7692
7767
860
8751
5232
2636
3890
2298
2003
9436
10824
4584
1760
9455
7686
5369
9709
639
9462
10917
6138
3128
3850
4007
7770
7290
3137
3108
11191
3433
1406
779
4499
10819
10780
7477
6277
166
9445
9168
11180
10135
6130
10015
6231
10169
2
11031
718
4697
2873
10652
10419
2590
6747
5832
9230
4848
7328
514
10927
11198
10713
10342
5859
9967
5464
9578
4705
10113
8554
4282
8802
9328
996
2060
1829
9531
10695
10273
394
10055
7260
738
8649
10933
8635
11177
9547
2287
7570
9055
10901
10455
8303
5763
10328
4201
10723
8086
11124
7342
4718
9978
3163
4801
8195
10066
10363
4702
9525
9076
4708
2872
4338
746
7376
9240
4710
10101
712
9950
1939
10053
1468
9616
8925
10460
8491
9342
11108
5202
9330
9209
10069
10179
10600
11267
10884
4940
9569
10807
7268
9054
1788
582
10585
8462
210
8891
8409
7227
1877
10171
9935
4696
10072
11266
10827
10161
9985
318
10078
6839
6608
11253
10417
9419
9147
10166
10186
8291
8322
10533
10763
2188
9451
8934
8436
4969
10640
10112
8568
1856
10352
6322
10451
2275
2217
408
9439
10644
10848
8994
7145
10885
8642
4851
8089
1486
3954
3226
11284
10620
9317
6707
1906
4649
11178
741
4883
10894
8270
9274
5827
8681
10514
10324
7775
5950
11033
11158
11159
11275
7776
9388
10891
9329
11274
11094
8877
8812
9141
9064
4482
11201
10068
10678
11132
2055
4674
10365
10390
5429
10380
9489
8506
10855
10319
10148
11264
10742
336
6615
5716
7733
9245
9627
10045
6614
9022
6785
10683
10308
1355
7564
10313
3773
7559
10347
5866
4815
7574
757
7769
2266
8645
9530
10087
10158
7442
844
9200
6926
7976
9956
10761
9840
9499
10998
5101
8110
8437
10734
11211
9946
3619
9633
1894
11254
11320
10170
9113
9617
10743
3229
3652
9668
7561
11123
6676
10023
10817
11153
5169
9427
4054
11279
6783
11096
9050
11226
8293
9955
6866
8778
10716
93
4241
10913
11092
10942
9573
3070
728
11182
668
9630
1008
3781
8139
11136
1412
9421
11133
9457
11162
11282
11036
7179
11093
7762
10842
767
2178
9597
9314
6557
4117
9227
10858
10686
10699
10110
10777
6954
11147
10089
7827
9348
8693
10164
11255
9464
10936
9381
1761
7761
10880
10881
6561
11081
2974
3982
550
10343
7224
10864
10077
2019
2826
10841
1600
2301
2001
10047
9496
105
6553
11141
6702
1789
11095
1005
4838
11173
9990
10826
1456
10243
3770
10501
10911
9238
11107
9247
7161
3274
3049
9629
10394
11148
7223
2587
8708
7638
4284
11174
10691
476
8863
4139
11022
4166
7099
9033
9953
10392
9132
9177
9966
10022
9992
10242
10813
258
2658
10086
8074
1103
6343
7711
1154
3218
8128
6041
2845
1750
8643
2844
1149
7007
9376
2850
10818
2259
9340
9293
2661
10017
2652
5956
1129
1493
9210
474
11086
1046
8386
2867
1133
4880
7441
3224
3350
4994
2847
1146
1132
2832
2668
2693
4975
3361
2848
2895
2862
4825
4342
4759
4543
8995
5623
8823
8390
8822
11317
9350
10934
10316
7350
2866
2865
4995
8383
9288
9287
4992
11172
3238
9196
10025
8392
10741
2928
4159
11085
7473
3355
9038
4993
6369
4991
8590
5030
4160
2829
2854
665
9334
7259
10766
8675
3839
8562
9440
6468
5361
1978
11160
8559
6646
8996
9518
1875
9214
9409
7475
9501
10785
9960
8022
1834
10746
7311
10163
1290
2768
8266
159
4747
9367
7798
5791
7942
1296
6853
11276
2982
2018
11247
11248
2785
1297
10471
2940
466
2967
10003
9510
11285
9994
11000
6290
7771
10345
3747
8484
